0 1 2 3 13 14
1 0 2 3 4 8
2 0 1 8 9 13
3 0 1 4 5
4 1 3 5 6
5 3 4 6 7
6 4 5 7
7 5 6 12 17 18 28 29
8 1 2 9 10
9 2 8 10 11
10 8 9 11 12
11 9 10 12
12 7 10 11 17 18 19 23
13 0 2 14 15
14 0 13 15 16
15 13 14 16 17
16 14 15 17
17 7 12 15 16 23 24 28
18 7 12 19 20
19 12 18 20 21
20 18 19 21 22
21 19 20 22
22 20 21 27 32 33 43 44
23 12 17 24 25
24 17 23 25 26
25 23 24 26 27
26 24 25 27
27 22 25 26 32 33 34 38
28 7 17 29 30
29 7 28 30 31
30 28 29 31 32
31 29 30 32
32 22 27 30 31 38 39 43
33 22 27 34 35
34 27 33 35 36
35 33 34 36 37
36 34 35 37
37 35 36 42 47
38 27 32 39 40
39 32 38 40 41
40 38 39 41 42
41 39 40 42
42 37 40 41 47
43 22 32 44 45
44 22 43 45 46
45 43 44 46 47
46 44 45 47
47 37 42 45 46
