123262464
178531841
175528966
177473545
175002635
212172300
274210989
110347793
109619732
116236974
174132247
236121624
202597124
120936986
236561947
227833884
160570909
1408034
174830116
39338021
128918056
315734571
315747762
26203696
4261939
120935990
148697655
118014521
110447165
157023295
158411328
315609099
145116231
114858057
153002570
158718028
40888911
163927632
315664465
140786772
315876437
184871001
74755674
12032442
145792094
131258464
77623908
170876005
159023207
132651624
116481127
143644268
158412909
194517106
31584884
16569973
237003382
111164948
6607039
65494652
31412861
30314111
316667008
2452097
21638337
232185562
217187436
169019530
108606094
227183759
227183761
132869913
108418713
117285530
13748591
108860573
99176606
159946913
161521826
110380195
160100209
204806312
123681962
123596461
120559278
196065053
193561777
157634738
158256819
113716410
162481340
176766653
244754623
27647681
223112390
222262984
315853516
317319216
167518923
130328780
140147746
162162895
201998039
12313306
170707151
109810397
111164965
166697697
119470818
150249188
116299493
225892070
116969191
315665472
137924841
30017771
14093550
115582704
208259320
174306213
178713471
160413436
115356925
120191742
3983103
221838593
155955971
183036164
109981957
24201478
109222158
130123736
210106642
130639637
116665625
13601053
13410078
235243809
138284322
241204501
119470377
162320170
3011373
50710319
61796658
111705907
26203962
108100063
139515710
157789503
180495682
134082371
135220040
178002249
132217676
203403086
113171793
209283277
166041429
220778383
172754268
90982301
269482337
125508964
118219110
159021416
204004714
318032235
316290926
108309359
136145776
110042993
188972915
190877045
208261097
3924857
173099899
11065727
188972928
138650497
124105420
149682053
132432277
197833676
316102029
142855055
117549968
316286354
126891246
125329303
124190109
154322846
185422752
203400098
2497412
108981670
166206375
116360597
32957353
108080557
129217454
11019933
129720240
151266226
128821683
160568756
151122870
114018231
110132153
28535226
132326333
128821696
8605635
116360615
119115718
138406860
143777698
108527055
163764799
137328085
317620694
167352994
85149656
130123737
130951644
142853237
161206752
172063715
141557220
183764390
146336233
161521831
246768110
275331055
149261296
186913777
223323634
148418473
114276345
145655806
