154470912
244979202
141813931
21064708
147583498
91325963
198421516
239653390
182484497
163442706
318737289
113866260
188036629
110347798
139766807
128134866
126058521
193369120
120633378
37122083
58801190
316454561
23681580
54154162
134084142
234147891
154470453
3082806
27208247
148697658
157790133
157634144
16519237
43440711
20366410
265882187
180851279
13314130
190494293
174652505
185238108
160569274
179780702
129821279
129821280
131258465
124971108
315839078
122107409
158255722
128919148
99762797
285793390
241648752
190303346
167352435
25878645
142853239
175883385
39149135
316644287
2452093
190687358
122107413
152128905
139642497
33924739
908423
148000904
189349513
179958410
135219339
124882061
112884879
180852882
321831449
221416601
319035036
78854302
1576095
215512176
136852130
154618019
24459430
201798824
7670443
162803091
163602020
40686770
110942387
109436090
39687799
144576702
119973057
275105474
140275518
315876434
185984201
198618314
108745419
172926673
244311250
241207196
36963029
116237528
137565914
269259483
128328412
315563229
134418380
222474977
138773883
317276905
123850987
116786924
123850989
698612
42962558
131468022
221627127
111911160
3983098
153294549
162482048
175528978
315693827
315693828
163124486
186169095
182302984
142984458
109511950
222690063
238767888
243200273
42037523
317149972
197637935
321124124
24510337
130537458
161841955
121087268
319504677
159946359
317271379
111279407
189349512
153441074
322029619
604769
170368314
130639633
115469630
229570881
153293451
200010564
15914822
117157089
129216841
9876300
204206419
73802070
174653769
4038403
138527577
107857756
58957626
209487710
116174687
171554150
198227303
144311145
125509486
123513711
122271690
3924851
548724
115078005
122680864
115934072
115934075
155507069
233494398
208671103
148978048
139640623
116419458
116786923
216559494
158716808
272859529
138651020
220778381
158716814
18334957
144981905
1148307
119046039
168851157
104680694
161680796
138528671
320756642
127938472
140404649
251235603
42569645
237226414
189159858
122271156
214253493
108062647
108783034
316644286
140020159
122026432
108726723
178893253
147864006
141170119
122271688
145249982
119115722
151267787
19483596
110103501
169523787
115873243
212377571
116236966
109178855
134083560
74568749
120859122
3953651
242535924
275107830
1990306
44254200
162479609
163125144
221415420
108606462
