139515710
177473545
21638337
315609099
163442706
126058521
227833884
120633378
37122083
39338021
317319216
234147891
154470453
16519237
114858057
158718028
315664465
13314130
184871001
115873243
131258464
131258465
124971108
159023207
158412909
176766653
194517106
167352435
25878645
190687358
148000904
169019530
135219339
180852882
78854302
159946913
161521826
154618019
24459430
161521831
204806312
141813931
274210989
157634738
110942387
144576702
6607039
167518923
315853516
130328780
140147746
162162895
137924841
123850987
123850989
698612
111911160
208671103
153294549
183036164
109981957
24201478
182302984
109222158
243200273
210106642
42037523
13601053
235243809
319504677
119470377
61796658
4261939
229570881
166697697
129216841
204206419
73802070
269482337
118219110
159021416
318032235
13748591
1148307
155507069
11065727
148978048
272859529
132432277
237226414
189159858
128821683
28535226
140020159
122026432
108726723
178893253
147864006
151267787
128821696
317620694
130951644
108100063
161206752
183764390
146336233
246768110
120859122
182484497
154470912
147583498
239653390
155955971
109619732
315693828
120936986
174830116
128918056
315734571
23681580
145792094
3082806
27208247
160568756
148697658
110447165
163764799
158411328
43440711
153002570
265882187
40888911
185238108
12032442
129821279
129821280
604769
77623908
315839078
132651624
158255722
116481127
99762797
31584884
237003382
2452093
2452097
179958410
153293451
108606094
117285530
241648752
136852130
116236966
7670443
116236974
108745419
124105420
36963029
175883385
12313306
269259483
128328412
109810397
222474977
119470818
317276905
131468022
221627127
120191742
315693827
202597124
222690063
317149972
174132247
50710319
161841955
3011373
153441074
200010564
135220040
9876300
138527577
227183759
144311145
108309359
136145776
3924851
115078005
115934072
3924857
115934075
178713471
138650497
116419458
2497412
158716808
318737289
158716814
142855055
117549968
185422752
203400098
174306213
166206375
32957353
129217454
54154162
99176606
151122870
110132153
132326333
316644286
316644287
132217676
138406860
110103501
178002249
172063715
134083560
149261296
186913777
3953651
44254200
108606462
21064708
175528966
175002635
198421516
175528978
139766807
193369120
1408034
58801190
74568749
157023295
315665472
322029619
145116231
20366410
14093550
315876434
140786772
315876437
174652505
113716410
179780702
170876005
110347793
217187436
285793390
215512176
190303346
142853237
142853239
111164948
244754623
188036629
908423
232185562
124882061
112884879
227183761
125509486
321831449
221416601
123513711
108860573
1576095
110380195
160100209
201798824
123681962
193561777
40686770
109436090
162481340
119973057
223112390
185984201
198618314
209283277
244311250
116237528
170707151
315563229
117157089
173099899
18334957
126891246
104680694
115356925
188972928
163124486
142984458
109511950
251235603
241204501
116665625
138284322
121087268
111279407
170368314
115469630
157789503
197637935
180495682
148697655
113171793
317271379
172754268
125508964
171554150
198227303
204004714
190877045
138773883
30017771
152128905
119046039
138651020
316102029
316286354
162803091
85149656
116360597
161680796
124190109
108981670
116360615
108080557
315747762
122271156
108783034
169523787
141170119
108527055
208259320
137328085
180851279
141557220
223323634
242535924
140404649
162479609
123262464
178531841
244979202
221838593
91325963
212172300
122107409
113866260
122107413
110347798
236121624
236561947
160570909
122680864
111164965
151266226
134084142
26203696
120935990
214253493
114018231
39149135
163927632
190494293
74755674
157634144
163602020
128919148
16569973
39687799
65494652
42962558
30314111
139642497
33924739
189349512
189349513
108418713
319035036
11019933
316454561
1990306
123596461
120559278
158256819
108062647
119115722
145249982
27647681
275105474
222262984
19483596
159946359
172926673
128134866
168851157
201998039
137565914
150249188
116299493
225892070
116969191
116786923
116786924
31412861
115582704
3983098
160413436
3983103
4038403
186169095
238767888
130639633
130639637
132869913
321124124
196065053
13410078
162320170
139640623
111705907
26203962
140275518
134082371
15914822
203403086
166041429
107857756
209487710
116174687
143644268
316290926
110042993
188972915
548724
233494398
162482048
24510337
149682053
216559494
197833676
220778381
220778383
144981905
125329303
163125144
241207196
90982301
154322846
138528671
143777698
127938472
148418473
42569645
129720240
157790133
174653769
160569274
8605635
119115718
122271688
122271690
134418380
167352994
130123736
130123737
212377571
109178855
208261097
275331055
130537458
275107830
114276345
221415420
145655806
