548724
604769
698612
908423
1148307
1576095
1990306
2452093
3082806
3924851
3953651
3983098
4038403
7670443
9876300
13314130
15914822
16519237
698612
154470912
20366410
21064708
24459430
24510337
25878645
27208247
33924739
36963029
3953651
39149135
39687799
34293096
154470453
42569645
42962558
43440711
39149135
58801190
58957626
73802070
74568749
78854302
91325963
99762797
40888911
107857756
108062647
108606462
108726723
108745419
108783034
109178855
109436090
109511950
110103501
9574099
108783034
111279407
148000904
112884879
113866260
115078005
3983103
33924739
115934072
115934075
116174687
108726723
116419458
116786923
108606462
119046039
119115722
119973057
119115718
120859122
121087268
58801190
122107409
908423
13314130
122271688
122271690
122680864
123513711
1148307
123850989
124882061
122027470
122271690
604769
27208247
129216841
108745419
129821280
130537458
148697655
131258465
131468022
134083560
3082806
134418380
135219339
7670443
137565914
138527577
138528671
109200463
548724
139640623
139642497
139766807
138527577
140275518
140404649
141170119
134986101
142853239
142984458
162482048
141170120
145249982
147583498
130123737
111911160
148697658
148978048
151267787
119046039
153294549
119470400
42037523
19483596
139640623
135219339
158255722
108726723
110103501
129821280
32957353
161680796
161841955
158255722
144576702
21064708
163124486
163125144
161680796
103520670
6606815
163125144
109021781
174653769
74568749
124882061
13314130
115356925
180851279
8605632
6606815
137089664
185238108
21638337
120859122
189159858
112884879
3983098
190303346
78854302
109511950
110413875
180851279
198618314
201798824
134083560
42569645
151267787
212377571
122271688
24459430
26203962
121087268
137565914
109178855
229570881
4038403
237226414
237226414
141170119
243200273
156257600
115078005
189159858
9876300
119115722
134418380
275105474
145249982
119257441
12032442
315693828
129216841
26203696
91325963
243200273
167518923
149682053
148978048
229570881
116174687
140404649
190303346
1408034
2452097
2497412
3011373
3924857
3983103
4261939
6607039
8605635
11019933
11065727
12032442
12313306
13410078
13601053
13748591
14093550
16569973
18334957
21638337
24201478
26203696
26203962
27647681
28535226
30017771
30314111
31412861
31584884
32957353
39338021
40888911
50710319
61796658
65494652
74755674
77623908
85149656
90982301
99176606
108080557
108100063
108309359
108418713
108527055
108606094
108860573
42962558
109222158
109619732
109810397
108062647
110042993
110132153
110347793
110380195
110447165
111164948
111164965
111705907
113171793
113716410
114018231
114276345
114858057
115356925
115582704
116236974
116299493
116360597
116360615
116481127
116665625
117285530
117549968
118014521
118219110
119115718
119470377
119470818
120191742
120559278
120935990
120936986
123262464
123596461
123681962
124105420
123850989
125329303
125508964
126891246
128821683
128821696
128918056
129217454
129720240
130123736
130123737
130328780
130639637
130951644
131258464
132217676
132326333
132432277
132651624
132869913
134082371
135220040
136145776
7670443
137328085
137924841
138284322
2452093
138650497
139515710
119973057
140786772
141557220
142853237
142855055
143644268
143777698
145116231
145655806
145792094
146336233
148418473
148697655
149261296
149682053
150249188
151122870
151266226
108981670
154322846
19483596
155955971
157023295
157634738
157789503
158256819
116419458
158412909
158718028
159021416
159023207
159946913
160100209
160413436
160568756
160570909
161206752
161521826
161521831
162162895
162320170
162481340
144576702
163764799
163927632
166041429
166206375
166697697
167352994
167518923
103520672
169019530
170707151
170876005
172063715
172754268
172926673
173099899
174132247
174306213
174830116
175002635
122680864
177473545
178002249
178531841
178713471
180495682
183036164
183764390
184871001
146198325
185422752
186913777
188972915
188972928
190877045
193561777
194517106
196065053
197833676
170201382
201998039
202597124
203400098
203403086
204004714
204806312
208259320
208261097
42569645
209283277
210106642
212172300
217187436
220778383
221838593
222262984
223112390
223323634
225892070
227183759
227183761
227833884
131258465
235243809
236121624
236561947
237003382
241204501
241207196
244754623
246768110
269482337
274210989
275331055
119257441
99762797
315664465
315665472
115022046
315734571
315747762
315853516
315876437
316102029
316286354
316290926
316667008
317319216
317620694
318032235
116969191
124882061
4038403
319504677
908423
107857756
27208247
21638337
24510337
109178855
108062647
33924739
3924851
134418380
698612
130123737
139766807
122680864
115356925
121087268
19483596
698612
108606462
108745419
3082806
2452093
119046039
134418380
148978048
109436090
604769
111279407
42037523
19483596
124882061
120859122
109511950
698612
13314130
130123737
3924851
174653769
40888911
119115718
123850989
3082806
42037523
141170119
242535924
115078005
23681580
13314130
1148307
160569274
33924739
122271690
3082806
1990306
144576702
21638337
112884879
151267787
317149972
3082806
2452093
139640623
137089664
548724
113866260
4038403
155507069
109511950
58801190
908423
2452093
161680796
119115722
1148307
604769
78854302
243200273
119115718
32957353
180851279
239653390
9876300
122271690
1990306
42037523
179958410
4038403
122271690
130123737
112884879
134083560
24510337
122271688
141170119
3082806
109511950
24510337
134418380
122107413
157790133
122680864
189159858
315609099
91325963
108606462
42037523
124882061
42569645
4038403
116174687
40888911
24510337
137565914
4038403
229570881
168851157
24459430
123850989
108783034
908423
1148307
109200463
124882061
180851279
121087268
229570881
138527577
119973057
119046039
216559494
167518923
40888911
58801190
21064708
120859122
151267787
9876300
145249982
91325963
3953651
128919148
42962558
19483596
137565914
233494398
285793390
13314130
2452093
157634738
162479609
74568749
129216841
58801190
141813931
129821280
178893253
3983098
121087268
320756642
3082806
141170120
139640623
198421516
39149135
116237528
119115718
109511950
109178855
40888911
108745419
134084142
119470400
131468022
6606815
180851279
134418380
13314130
175528966
180852882
24510337
698612
58801190
27208247
548724
130123737
42962558
42037523
108726723
122271688
19483596
13314130
3983098
39149135
135219339
78854302
42569645
151267787
190303346
1148307
138527577
112884879
136852130
42569645
316644287
229570881
108745419
33924739
122271690
138527577
175528978
124882061
161841955
26203962
4038403
204206419
91325963
116786924
12032442
604769
111279407
116236966
170368314
151267787
138527577
21064708
3924851
24510337
141170119
189159858
54154162
111279407
1990306
9876300
315876434
243200273
3953651
40888911
237226414
119115718
3082806
169523787
26203696
91325963
317271379
108745419
122271156
122107409
141170119
40888911
123850987
42962558
162803091
3983098
121087268
238767888
120633378
138406860
161680796
129821280
112884879
26203962
108062647
3983103
140147746
32957353
144576702
174653769
21638337
180851279
24510337
145249982
269259483
91325963
42037523
161680796
40888911
111279407
109200463
190687358
107857756
604769
120859122
317276905
58801190
21064708
3953651
110942387
158411328
9574099
138527577
237226414
316644286
229570881
321124124
117157089
3983098
193369120
44254200
120859122
151267787
221416601
321831449
130639633
3082806
111911160
140275518
122271688
121087268
145249982
124190109
138527577
6606815
3983098
232185562
122026432
42037523
189159858
318737289
123850989
138527577
42962558
110103501
163442706
180851279
129821280
112884879
123850989
128328412
161680796
163602020
137565914
109178855
115078005
58801190
127938472
128134866
548724
113866260
161841955
189159858
40888911
604769
138527577
153293451
42037523
15914822
129216841
316454561
171554150
151267787
220778381
222474977
222690063
265882187
111279407
152128905
158716808
208671103
26203962
221627127
315839078
34293096
108062647
13314130
138527577
144311145
3924851
112884879
109178855
37122083
42962558
19483596
221415420
319035036
129821279
140020159
698612
3983103
154618019
78854302
175883385
42037523
189349512
198227303
243200273
174653769
179780702
315693827
3082806
147864006
241648752
234147891
109981957
126058521
7670443
144981905
167352435
163125144
156257600
138773883
108981670
157634144
190494293
200010564
139640623
4038403
251235603
58801190
215512176
40888911
158255722
244979202
58801190
174652505
21638337
3983098
159946359
21638337
275107830
229570881
153002570
158716814
189349513
209487710
272859529
315563229
104680694
186169095
188036629
58801190
115469630
176766653
322029619
