246,1408034,2452097,2497412,3011373,3924857,3983103,4261939,6607039,8605635,11019933,11065727,12032442,12313306,13410078,13601053,13748591,14093550,16569973,21638337,24201478,26203696,26203962,27647681,28535226,30017771,30314111,31412861,31584884,32957353,39338021,40888911,50710319,61796658,65494652,74755674,77623908,85149656,90982301,99176606,103520670,108080557,108100063,108309359,108418713,108527055,108606094,108860573,108981670,109021781,109222158,109619732,109810397,109981957,110042993,110132153,110347793,110380195,110447165,111164948,111164965,111705907,113171793,113716410,114018231,114276345,114858057,115022046,115356925,115582704,116236974,116299493,116360597,116360615,116481127,116665625,116969191,117285530,117549968,118014521,118219110,119115718,119257441,119470377,119470818,120191742,120559278,120935990,120936986,123262464,123596461,123681962,124105420,124190109,125329303,125508964,126891246,128821683,128821696,128918056,129217454,129720240,130123736,130123737,130328780,130639637,130951644,131258464,132217676,132326333,132432277,132651624,132869913,134082371,135220040,136145776,137328085,137924841,138284322,138406860,138650497,139515710,140147746,140786772,141557220,142853237,142855055,143644268,143777698,145116231,145655806,145792094,146198325,146336233,148418473,148697655,149261296,149682053,150249188,151122870,151266226,153002570,154322846,155955971,157023295,157634738,157789503,158256819,158411328,158412909,158718028,159021416,159023207,159946913,160100209,160413436,160568756,160570909,161206752,161521826,161521831,162162895,162320170,162481340,163764799,163927632,166041429,166206375,166697697,167352994,167518923,169019530,170201382,170707151,170876005,172063715,172754268,173099899,174132247,174306213,174830116,175002635,175528966,176766653,177473545,178002249,178531841,178713471,180495682,183036164,183764390,184871001,185422752,186913777,188972915,188972928,190877045,193561777,194517106,196065053,197833676,201998039,202597124,203400098,203403086,204004714,204806312,208259320,208261097,209283277,210106642,212172300,217187436,220778383,221838593,222262984,223112390,223323634,225892070,227183759,227183761,227833884,232185562,235243809,236121624,236561947,237003382,241204501,244754623,246768110,269482337,274210989,275331055,315609099,315664465,315665472,315734571,315747762,315853516,315876437,316102029,316286354,316290926,316667008,317319216,317620694,318032235
2,116969191,175528966
4,8605635,119470818,175528966,208261097
3,30017771,175528966,208259320
3,175528966,232185562,235243809
6,116481127,124190109,126891246,145116231,175528966,269482337
5,115582704,137924841,158411328,175528966,316102029
3,110447165,116360615,175528966
3,85149656,129720240,175528966
3,39338021,130951644,175528966
6,26203696,142855055,143777698,173099899,175528966,178531841
2,175528966,178531841
6,170201382,172063715,175528966,178002249,178531841,221838593
2,175528966,178531841
5,31584884,74755674,161206752,175528966,178531841
5,13601053,108080557,158256819,175528966,178531841
3,167518923,175528966,178531841
5,109222158,116299493,175528966,178531841,244754623
3,175528966,178531841,188972915
6,161521826,175528966,177473545,178531841,185422752,237003382
2,123262464,175528966
5,110132153,120559278,123262464,151266226,175528966
7,2452097,21638337,116360597,119470377,123262464,123681962,175528966
5,2497412,103520670,123262464,175528966,246768110
3,111705907,123262464,175528966
2,123262464,175528966
5,114018231,123262464,157023295,159021416,175528966
5,123262464,136145776,159023207,175528966,227183759
6,3011373,123262464,145655806,175528966,225892070,227833884
4,3924857,123262464,123596461,175528966
6,114276345,123262464,138284322,175528966,178531841,202597124
5,123262464,175528966,178531841,190877045,209283277
6,119115718,123262464,160413436,170876005,175528966,178531841
6,6607039,123262464,130639637,158412909,175528966,178531841
4,123262464,135220040,175528966,178531841
6,109021781,109810397,120191742,123262464,175528966,178531841
6,24201478,108527055,123262464,175528966,178531841,241204501
4,123262464,166206375,175528966,178531841
6,26203962,123262464,130123736,175528966,178531841,318032235
2,123262464,178531841
6,128918056,154322846,162481340,175528966,180495682,274210989
3,175528966,227183761,315609099
5,110042993,115022046,116236974,159946913,175528966
1,175528966
9,12032442,12313306,30314111,116665625,124105420,132326333,157634738,172754268,175528966
3,175528966,223112390,317319216
4,77623908,153002570,175528966,217187436
2,13748591,175528966
3,108860573,111164965,175528966
4,132432277,175528966,197833676,317620694
3,158718028,175528966,178531841
3,31412861,175528966,178531841
5,16569973,108606094,128821696,175528966,178531841
3,175528966,178531841,183036164
5,115356925,125508964,175528966,178531841,178713471
5,11019933,129217454,175528966,178531841,183764390
5,3983103,110380195,145792094,175528966,178531841
5,32957353,137328085,175528966,178531841,315665472
2,175528966,178531841
3,175528966,178531841,315876437
3,108309359,123262464,175528966
5,99176606,109981957,120935990,123262464,175528966
8,108100063,123262464,141557220,146198325,148697655,161521831,166697697,175528966
4,123262464,130328780,160100209,175528966
7,90982301,123262464,134082371,160568756,162320170,175528966,184871001
5,123262464,128821683,130123737,148418473,175528966
5,123262464,132217676,138406860,175528966,193561777
6,4261939,27647681,111164948,123262464,155955971,175528966
3,123262464,175528966,212172300
5,108981670,123262464,125329303,175528966,203403086
6,65494652,123262464,175528966,178531841,201998039,210106642
7,108418713,123262464,132869913,142853237,150249188,175528966,178531841
4,123262464,175002635,175528966,178531841
5,123262464,175528966,178531841,203400098,316290926
4,123262464,175528966,178531841,204806312
7,123262464,140147746,160570909,174306213,175528966,178531841,316286354
4,40888911,123262464,175528966,178531841
4,109619732,123262464,175528966,178531841
4,123262464,175528966,178531841,194517106
6,123262464,138650497,163764799,175528966,178531841,315747762
4,61796658,167352994,175528966,188972928
1,175528966
4,14093550,119257441,166041429,175528966
6,13410078,50710319,146336233,157789503,175528966,220778383
4,11065727,113171793,139515710,175528966
2,118219110,175528966
5,110347793,149682053,163927632,174132247,175528966
3,149261296,175528966,223323634
3,132651624,175528966,196065053
3,175528966,204004714,315664465
2,175528966,178531841
7,113716410,114858057,118014521,162162895,169019530,175528966,178531841
2,175528966,178531841
2,175528966,178531841
7,28535226,117285530,151122870,175528966,178531841,275331055,315853516
3,120936986,175528966,178531841
8,1408034,131258464,143644268,174830116,175528966,178531841,222262984,315734571
4,117549968,140786772,175528966,178531841
4,170707151,175528966,178531841,236121624
4,175528966,178531841,186913777,236561947
