1 36939668,58957626,77623910,116236979,132761137,134303730,143244110,160101286,160885878,166697115,167354404,172926673,173441195,175704403,178712928,185238108,193946236,194708746,194900642,201404511,201798824,202597745,204207040,205415781,211346198,315563229,315876430,315955818,322029619,36939668,77623910,116236979,123513711,125965975,132761137,134303730,143244110,160101286,160885878,166697115,167354404,172926673,173441195,174653096,178001756,178712928,185238108,193946236,194708746,194900642,201404511,201798824,202597745,204207040,205212285,205415781,211346198,267231659,315563229,315609099,315693828,315876430,316667008,317237102,318061641
2 126798887,2452097,3924857,4261939,6607039,11019933,11065727,12313306,13410078,13748591,14093550,16569973,24201478,27647681,28535226,30017771,30314111,31412861,31584884,39338021,50710319,61796658,65494652,74755674,90982301,99176606,108080557,108100063,108309359,108418713,108527055,108606094,109222158,109619732,109810397,110042993,110132153,110347793,110380195,110447165,111164948,111164965,111705907,113171793,113716410,114018231,114276345,114858057,116236974,116299493,116360597,116481127,116665625,117285530,117549968,118219110,119470377,119470818,120191742,120559278,120935990,120936986,123596461,124105420,125508964,128918056,129217454,129720240,130123736,130639637,131258464,132217676,132432277,132651624,132869913,135220040,137328085,137924841,138284322,138650497,139515710,141557220,142853237,142855055,143777698,145655806,145792094,149261296,151122870,151266226,154322846,155955971,157023295,157789503,158411328,158412909,158718028,159021416,159023207,159946913,160100209,161206752,161521826,161521831,162162895,162320170,162481340,163764799,163927632,166041429,166206375,167352994,168851157,169019530,170707151,170876005,172063715,172754268,173099899,174132247,174306213,174830116,175002635,177473545,178002249,178713471,180495682,183036164,183764390,184871001,185422752,186913777,188972915,188972928,190877045,193561777,194517106,196065053,197833676,201998039,202597124,203400098,203403086,204004714,204806312,208259320,208261097,209283277,210106642,212172300,217187436,220778383,221838593,223112390,223323634,225892070,227183759,227183761,227833884,232185562,235243809,236121624,236561947,237003382,244754623,246768110,269482337,274210989,275331055,315664465,315665472,315734571,315747762,315853516,315876437,316102029,316286354,316290926,317620694,318032235,116969191,155507069
3 269259483
4 136735698,181214705
5 136852130,178179430
6 107910448,170368323
7 117157089,166695990
8 150249188,317271379
9 206628187
10 110942387
11 25878645,126058521,141170119,215512176,178893253,242535924
12 367196,3953651,23681580,154616455
13 111279407,147864006,317149972
14 315693827,317149972
15 209487710
16 174829432,278685122,155507069,205417615
17 148697658,158255723
18 108745419,317006581,188036629
19 129719707,42298721,318577359
20 144311145,315609099,153294549
21 152128905,34812856,227399834,279577309
22 318577359,113765274,176413599
23 15914822,42262680,315839078,157790133,225676921,251235603,315609099
24 116786923,153441074,188036629,189159858,109981957,167353642,176766653,319035036
25 197240685
26 158255723,189917559,321271718,160570909,140147746,176766653,234147891,272859529,197240685
27 221627127,174829432,180672587,218026950
28 116786924,174653096,218028016
29 34812856,131258465,257762031
30 174652505,125509486,316644287
31 44254200,154764189,202597117,227399834,44254200,268809223
32 242535924,221415420,128919148,233494398,285793390
33 2092542,168851157,23681580
34 116419458,221416601,154176760,204206419,322029619
35 137565914,162803091,208671103,241207196,122107413,220778381
36 548724,3924871,42569645,129821279,158716808,205212285,144311145
37 109200463,130639633,190687358,319504677,322029619,116237528,318737289
38 43440711,116236966,122680864,244979202,163602020,198421516
39 315693828,148697655,166697697,157634738,109619736
40 42037523,144576702,154764189,222262984,316686681
41 134418377,243200273,123262464,166695990,182304070,265882187
42 21585660,51342059,163442706,317276905,130123737,157634144,62409647,157790133,216559494
43 145249982,229570881,172753637,190687358,202597117
44 18334957,102082841,123513711,179958410,197637935,62409647,182304070,153293451
45 315876434,316454561,317271379,212377571,178001756,316644287
46 134084142,189349513,218028016,269259483,122107413,129821279
47 54154162,316644286,123850987,136852130,175528978
48 3924851,104680694,123850987,174652505,241648752,152128905,204206419,316454561
49 172753637,239653390,244979202,315876434,116786924,179958410,315693827,319035036
50 130329789,158716814,182304070,321124124,124190109,200010564,158716814,153293451,175001464,321124124,321271718
51 40430487,116786924,139640623,162482048,221627127,275107830,319035036,115469630,178531841,115469630,160569274,154470912,104680694,239653390
52 37671249,142984458,154470912,122026432,122026432,174652505,216559494
53 7670443,122271156,147583498,12032442,176766653,127938472,62409647,315876434
54 115873243,241648752,169523787,176766653,124971108,208671103,218028016
55 221415420,316644287,186169095,241207196,154470453,315876434,317271379
56 178001756,186169095,317319216,222262984,212377571,193369120,190686726,197637935
57 130537458,139642497,140275518,108981670,186169095,244979202,123850987,238767888
58 62409647,119973057,157790133,190303346,190494293,272859529,157634738,169523787,120633378,149261303,163442706
59 122271690,157634144,178893253,206628187,140020159,138773883,222690063,115873243,221415420,318032235
60 122271688,130023020,143644269,193369120,200010564,153002570,189349512,279577309,189349513,190494293,160569274,198421516
61 36383712,163124486,222262984,124190109,133414262,190494293,179780702,169523787,316454561
62 136735698,272859529,120633378,116236966
63 3983098,36963029,222690063,318737289,153002570,160569274,265882187,138651020,190687358,202198707,319504677
64 115934072,175001464,124190109,157634738,182304070,317276905
65 24459430,151267787,198421516,18334957,109981957,222474977,179780702,275107830,138406860,268809223,318422553
66 141813931,204206419,320756642,120633378,319504677,209487710,186169095,189349513,158411328
67 604769,23681580,129216841,179780702,127938472,209487710,178893253,175001464,115469630,107910448,124190109,168851157,200010564,317276905,321124124
68 115934075,128919148,157481898,159946359,179780702,234147891,138651020,134084142,159946359,316644286,133414262,193369120,269259483
69 21064708,58801190,193369120,162482048,175001464,183220456,221416601,321831449
70 107857756,129921886,133414262,140020159,153293451,216559494,272859529,138406860,222474977,200010564,221627127,275107830,319504677
71 20902991,122107413,131468022,138651020,153002570,279577309,140020159,179958410,275107830,154470912,34812856,232185562
72 1576095,42962558,188037188,241207196,167518923,138773883,162482048,116236966,188036629,62409647,127938472
73 7866569,136735695,174653096,177824705,204206419,153002570,147864006,212377571,234147891,130639633,154470912,158716814,160569274,316644286
74 19483596,129617397,178179430,222474977,134084142,158716814,158255723,189349512,189917559,321271718
75 26203962,319504677,265882187,316454561,138406860,140020159,159946359,198421516,321124124,315839078,18334957,159946359,222262984,128328412,197240685
76 116174687,121400387,161841955,109981957,134084142,175001464,127938472,128134866,153441074,178893253,185424427,200010564,208671103
77 91325963,99762797,120633378,122026432,135219339,173098553,251235603,179958410,179780702,179780702,158716814,215512176,138651020,117031526,140020159,153293451,166695990,182304070,225679577,317006581
78 1203422,2452093,24510337,109436090,166697112,212377571,157634738,221627127,160569274,123850987,189349512,153002570,157634738,138773883,157634144,138406860,122026432,222690063,265882187,318577359
79 1745688,26017162,119046039,134083560,169523787,171045230,279577309,147864006,315839078,221627127,265882187,130639633,152128905
80 698612,1990306,110103501,127938472,140404649,122107413,154470453,138773883,190494293,216559494,147864006,179958410,134084142,130639633,109981957,124190109,138406860,140020159,144311145,153293451,279577309
81 373965,39687799,115078005,265882187,234147891,176766653,198421516,316644286,166042032,221415420
82 73802070,78854302,128328412,174653769,267231659,159946359,208671103,18334957,244979202,315839078,123850987,317006581
83 33924739,112884879,156561501,134084142,104680694,138406860,122271156,109981957,115469630,154618019,190494293,322029619
84 39149135,129821280,155507069,208671103,104680694,18334957,317276905,179780702,104680694,122026432,189349512,159946359,157634144,174829432,175883385,193369120
85 138773883,234147891,179958410,193369120,189349512,251235603,189349513,189349512
86 138527577,13601053,18334957,138406860,269259483,198421516,222474977,216559494,241207196,153002570,241207196,153002570,159946359,147864006,104680694,174652505,186169095,176766653,179780702,315693827
87 189349512,160569274,193369120,120633378,134084142,215512176,110942387,138651020,154470453,154470453,222474977,147864006,241648752
88 1148307,20366410,122107413,104680694,122107413,216559494,153002570,208671103,37122083,159946359,171553052,234147891
89 123850989,138896244,212377571,120633378,208671103,154470453,154470912,109981957,241207196,109981957,126058521,167352435,212377571,222474977,265882187
90 13314130,160569274,119115718,157634738,208671103,186169095,120633378,159946359,120633378,189349512,169523787,130639633,208671103,315839078,138773883,153002570,157634144,190494293,200010564
91 109511950,120859122,154470453,237226414,234147891,163602020,200010564,215512176,319504677,130639633,154470453,18334957,133414262,162482048,251235603,315839078
92 908423,148978048,272859529,40888911,190494293,212377571,316644286,153002570,154470453,215512176,215512176,241207196
93 3082806,4038403,108606462,166695990,138406860,178893253,18334957,189349513,154470453,147864006,209487710,140020159,211345579,215512176,244979202
94 9876300,123262483,222474977,138406860,122271156,190494293,316454561,140020159,122026432,209487710,107910448,122026432,174652505,179780163,189349513,241207196
95 121087268,139766807,180851279,154470912,147864006,154470912,140020159,188036629,124190109,153002570,234147891,136852130,175001464,179780702,186169095
96 108062647,134418380,115356925,136735698,134084142,104680694,154470453,178893253,127938472,124190109,315839078,157634144,153002570,158716814,189349513,272859529,317149972,318032235
97 119115722,215512176,127938472,189349513,134084142,153002570,138651020,169523787,186169095,315839078
98 16519237,124882061,275105474,154470455,316644286
99 175528966,115469630,154470453,322029619
